step = 1e-8:

x = 1:
dha: 1.000000e-08, 2.729322e-09
dhb: 2.150000e-06, 4.662937e-15
dhc: 3.362000e-05, 0.000000e+00

x = np.pi / 2:
dha: 1.000000e-16, 6.123234e-17
dhb: 9.065659e-01, 1.517756e-24
dhc: 7.365848e-01, 2.349057e-24



step = 1e-5:

x = 1:
dha: 1.000000e-05, 4.207368e-06
dhb: 1.000000e-05, 1.099287e-11
dhc: 9.800000e-04, 5.551115e-16

x = np.pi / 2:
dha: 1.000000e-16, 6.123234e-17
dhb: 9.065500e-01, 1.073788e-21
dhc: 7.366500e-01, 5.420287e-21
